{"autoClear":true,"clearColor":[0,0,0],"ambientColor":[0,0,0],"gravity":[0,-9.81,0],
"materials":[{"name":"mason_player.Material","id":"mason_player.Material","ambient":[0.8,0.6647,0],"diffuse":[0.64,0.5317,0],"specular":[0.5,0.5,0.5],"emissive":[0,0,0],"specularPower":50,"alpha":1,"backFaceCulling":true, "diffuseTexture":{"name":"Pikachu's Face.png","level":1,"hasAlpha":1,"coordinatesMode":0,"uOffset":0,"vOffset":0,"uScale":1,"vScale":1,"uAng":0,"vAng":0,"wAng":0,"wrapU":1,"wrapV":1,"coordinatesIndex":0}},{"name":"mason_player.Material.002","id":"mason_player.Material.002","ambient":[0.8,0.8,0.8],"diffuse":[0.64,0.64,0.64],"specular":[0,0,0],"emissive":[0,0,0],"specularPower":50,"alpha":1,"backFaceCulling":true, "diffuseTexture":{"name":"Pikachu's Face.png","level":1,"hasAlpha":1,"coordinatesMode":0,"uOffset":0,"vOffset":0,"uScale":1,"vScale":1,"uAng":0,"vAng":0,"wAng":0,"wrapU":1,"wrapV":1,"coordinatesIndex":0}},{"name":"mason_player.Material.003","id":"mason_player.Material.003","ambient":[1,1,0],"diffuse":[1,1,0],"specular":[0,0,0],"emissive":[0,0,0],"specularPower":50,"alpha":1,"backFaceCulling":true}],
"multiMaterials":[{"name":"mason_player.Multimaterial#0","id":"mason_player.Multimaterial#0","materials":["mason_player.Material.002","mason_player.Material.003","mason_player.Material","mason_player."]}],
"skeletons":[{"name":"Armature","id":0,"bones":[
{"name":"Bone","index":0,"matrix":[1,0,0,0,0,0.9998,0.0196,0,0,0.0196,-0.9998,0,0.2537,-1.6038,-0.1348,1],"parentBoneIndex":-1,"animation":{"dataType":3,"framePerSecond":24,"keys":[{"frame":0,"values":[1,0,0,0,0,0.9998,0.0196,0,0,0.0196,-0.9998,0,0.2537,-1.6038,-0.1348,1]},{"frame":120,"values":[1,0,0,0,0,0.9998,0.0196,0,0,0.0196,-0.9998,0,0.2537,-1.6038,-0.1348,1]}],"loopBehavior":1,"name":"anim","property":"_matrix"}},
{"name":"Bone.001","index":1,"matrix":[1,0,0,0,0,0.9999,0.0107,0,0,-0.0107,0.9999,0,0.0664,2.7932,0.0733,1],"parentBoneIndex":0,"animation":{"dataType":3,"framePerSecond":24,"keys":[{"frame":0,"values":[1,0,0,0,0,0.9999,0.0107,0,0,-0.0107,0.9999,0,0.0664,2.7932,0.0733,1]},{"frame":120,"values":[1,0,0,0,0,0.9999,0.0107,0,0,-0.0107,0.9999,0,0.0664,2.7932,0.0733,1]}],"loopBehavior":1,"name":"anim","property":"_matrix"}},
{"name":"Bone.002","index":2,"matrix":[-0.9889,-0.1479,0.0119,0,0.1484,-0.9857,0.0796,0,-0.0001,0.0804,0.9968,0,-0.1035,1.8366,1.7959,1],"parentBoneIndex":0,"animation":{"dataType":3,"framePerSecond":24,"keys":[{"frame":0,"values":[-0.9889,-0.1479,0.0119,0,0.1484,-0.9857,0.0796,0,-0.0001,0.0804,0.9968,0,-0.1035,1.8366,1.7959,1]},{"frame":1,"values":[-0.9896,-0.1435,0.0102,0,0.1439,-0.9864,0.0796,0,-0.0014,0.0802,0.9968,0,-0.1035,1.8366,1.7959,1]},{"frame":2,"values":[-0.9915,-0.1302,0.0051,0,0.1301,-0.9883,0.0797,0,-0.0054,0.0797,0.9968,0,-0.1035,1.8366,1.7959,1]},{"frame":3,"values":[-0.9942,-0.1077,-0.0036,0,0.1071,-0.9911,0.0796,0,-0.0121,0.0788,0.9968,0,-0.1035,1.8366,1.7959,1]},{"frame":4,"values":[-0.997,-0.076,-0.0157,0,0.0746,-0.9941,0.0792,0,-0.0216,0.0778,0.9967,0,-0.1035,1.8366,1.7959,1]},{"frame":5,"values":[-0.9989,-0.0354,-0.0312,0,0.0329,-0.9964,0.078,0,-0.0339,0.0769,0.9965,0,-0.1035,1.8366,1.7959,1]},{"frame":6,"values":[-0.9987,0.0137,-0.0499,0,-0.0175,-0.997,0.0756,0,-0.0487,0.0764,0.9959,0,-0.1035,1.8366,1.7959,1]},{"frame":7,"values":[-0.995,0.0702,-0.0714,0,-0.0753,-0.9946,0.0715,0,-0.066,0.0765,0.9949,0,-0.1035,1.8366,1.7959,1]},{"frame":8,"values":[-0.9866,0.1326,-0.095,0,-0.1391,-0.9881,0.0654,0,-0.0852,0.0777,0.9933,0,-0.1035,1.8366,1.7959,1]},{"frame":9,"values":[-0.9727,0.1987,-0.1198,0,-0.2065,-0.9768,0.0569,0,-0.1057,0.0801,0.9912,0,-0.1035,1.8366,1.7959,1]},{"frame":10,"values":[-0.953,0.266,-0.1449,0,-0.275,-0.9603,0.0461,0,-0.1269,0.0838,0.9884,0,-0.1035,1.8366,1.7959,1]},{"frame":11,"values":[-0.928,0.3318,-0.1694,0,-0.3419,-0.9392,0.0331,0,-0.1481,0.0886,0.985,0,-0.1035,1.8366,1.7959,1]},{"frame":12,"values":[-0.8988,0.3939,-0.1922,0,-0.4046,-0.9143,0.0185,0,-0.1684,0.0944,0.9812,0,-0.1035,1.8366,1.7959,1]},{"frame":13,"values":[-0.8673,0.4501,-0.2128,0,-0.4612,-0.8873,0.0029,0,-0.1875,0.1007,0.9771,0,-0.1035,1.8366,1.7959,1]},{"frame":14,"values":[-0.8353,0.4991,-0.2307,0,-0.5102,-0.8599,-0.0129,0,-0.2048,0.1069,0.9729,0,-0.1035,1.8366,1.7959,1]},{"frame":15,"values":[-0.8049,0.5402,-0.2457,0,-0.5511,-0.834,-0.0283,0,-0.2202,0.1126,0.9689,0,-0.1035,1.8366,1.7959,1]},{"frame":16,"values":[-0.7778,0.5732,-0.2578,0,-0.5835,-0.811,-0.0426,0,-0.2335,0.1173,0.9653,0,-0.1035,1.8366,1.7959,1]},{"frame":17,"values":[-0.7554,0.5983,-0.2672,0,-0.6078,-0.7922,-0.0554,0,-0.2448,0.1206,0.962,0,-0.1035,1.8366,1.7959,1]},{"frame":18,"values":[-0.7387,0.6158,-0.2742,0,-0.6243,-0.7784,-0.0663,0,-0.2542,0.1222,0.9594,0,-0.1035,1.8366,1.7959,1]},{"frame":19,"values":[-0.7282,0.6261,-0.2789,0,-0.6335,-0.7701,-0.075,0,-0.2617,0.122,0.9574,0,-0.1035,1.8366,1.7959,1]},{"frame":20,"values":[-0.7241,0.6296,-0.2815,0,-0.6357,-0.7676,-0.0816,0,-0.2675,0.1199,0.9561,0,-0.1035,1.8366,1.7959,1]},{"frame":21,"values":[-0.7284,0.6239,-0.2832,0,-0.6284,-0.773,-0.087,0,-0.2732,0.1146,0.9551,0,-0.1035,1.8366,1.7959,1]},{"frame":22,"values":[-0.7427,0.606,-0.285,0,-0.6081,-0.7885,-0.092,0,-0.2804,0.105,0.9541,0,-0.1035,1.8366,1.7959,1]},{"frame":23,"values":[-0.7665,0.5746,-0.2869,0,-0.5736,-0.8134,-0.0967,0,-0.2889,0.0905,0.9531,0,-0.1035,1.8366,1.7959,1]},{"frame":24,"values":[-0.7984,0.5282,-0.2892,0,-0.5232,-0.8462,-0.1009,0,-0.298,0.0707,0.9519,0,-0.1035,1.8366,1.7959,1]},{"frame":25,"values":[-0.8359,0.4649,-0.2918,0,-0.4552,-0.8842,-0.1047,0,-0.3067,0.0453,0.9507,0,-0.1035,1.8366,1.7959,1]},{"frame":26,"values":[-0.8752,0.3834,-0.2948,0,-0.3682,-0.9235,-0.1079,0,-0.3136,0.0142,0.9494,0,-0.1035,1.8366,1.7959,1]},{"frame":27,"values":[-0.9114,0.2834,-0.2983,0,-0.2621,-0.9587,-0.1102,0,-0.3172,-0.0223,0.9481,0,-0.1035,1.8366,1.7959,1]},{"frame":28,"values":[-0.9387,0.1665,-0.302,0,-0.1386,-0.984,-0.1117,0,-0.3158,-0.063,0.9467,0,-0.1035,1.8366,1.7959,1]},{"frame":29,"values":[-0.9514,0.0369,-0.3058,0,-0.0025,-0.9937,-0.1122,0,-0.308,-0.106,0.9455,0,-0.1035,1.8366,1.7959,1]},{"frame":30,"values":[-0.9458,-0.0986,-0.3095,0,0.1392,-0.9839,-0.1117,0,-0.2935,-0.1488,0.9443,0,-0.1035,1.8366,1.7959,1]},{"frame":31,"values":[-0.921,-0.2321,-0.3128,0,0.278,-0.9542,-0.1104,0,-0.2728,-0.1887,0.9434,0,-0.1035,1.8366,1.7959,1]},{"frame":32,"values":[-0.8797,-0.3558,-0.3155,0,0.406,-0.9074,-0.1085,0,-0.2477,-0.2235,0.9427,0,-0.1035,1.8366,1.7959,1]},{"frame":33,"values":[-0.8269,-0.4641,-0.3176,0,0.5174,-0.8491,-0.1063,0,-0.2203,-0.2522,0.9423,0,-0.1035,1.8366,1.7959,1]},{"frame":34,"values":[-0.769,-0.5539,-0.319,0,0.6093,-0.7861,-0.104,0,-0.1932,-0.2743,0.942,0,-0.1035,1.8366,1.7959,1]},{"frame":35,"values":[-0.7121,-0.625,-0.32,0,0.6816,-0.7246,-0.1018,0,-0.1682,-0.2906,0.9419,0,-0.1035,1.8366,1.7959,1]},{"frame":36,"values":[-0.6609,-0.6786,-0.3205,0,0.736,-0.6696,-0.1,0,-0.1468,-0.3019,0.942,0,-0.1035,1.8366,1.7959,1]},{"frame":37,"values":[-0.6189,-0.717,-0.3207,0,0.7747,-0.6246,-0.0985,0,-0.1297,-0.3094,0.942,0,-0.1035,1.8366,1.7959,1]},{"frame":38,"values":[-0.588,-0.7425,-0.3208,0,0.8002,-0.5917,-0.0974,0,-0.1175,-0.314,0.9421,0,-0.1035,1.8366,1.7959,1]},{"frame":39,"values":[-0.5693,-0.7569,-0.3209,0,0.8147,-0.5718,-0.0968,0,-0.1102,-0.3165,0.9422,0,-0.1035,1.8366,1.7959,1]},{"frame":40,"values":[-0.5631,-0.7615,-0.3209,0,0.8193,-0.5652,-0.0966,0,-0.1078,-0.3173,0.9422,0,-0.1035,1.8366,1.7959,1]},{"frame":41,"values":[-0.5693,-0.7569,-0.3209,0,0.8147,-0.5718,-0.0968,0,-0.1102,-0.3165,0.9422,0,-0.1035,1.8366,1.7959,1]},{"frame":42,"values":[-0.588,-0.7425,-0.3208,0,0.8002,-0.5917,-0.0975,0,-0.1175,-0.3141,0.9421,0,-0.1035,1.8366,1.7959,1]},{"frame":43,"values":[-0.6189,-0.717,-0.3208,0,0.7747,-0.6246,-0.0986,0,-0.1297,-0.3095,0.942,0,-0.1035,1.8366,1.7959,1]},{"frame":44,"values":[-0.6609,-0.6786,-0.3205,0,0.736,-0.6696,-0.1001,0,-0.1467,-0.3021,0.9419,0,-0.1035,1.8366,1.7959,1]},{"frame":45,"values":[-0.7121,-0.6249,-0.32,0,0.6817,-0.7245,-0.102,0,-0.1681,-0.2908,0.9419,0,-0.1035,1.8366,1.7959,1]},{"frame":46,"values":[-0.769,-0.5539,-0.3191,0,0.6093,-0.786,-0.1043,0,-0.1931,-0.2746,0.942,0,-0.1035,1.8366,1.7959,1]},{"frame":47,"values":[-0.8269,-0.464,-0.3176,0,0.5174,-0.8491,-0.1067,0,-0.2202,-0.2526,0.9422,0,-0.1035,1.8366,1.7959,1]},{"frame":48,"values":[-0.8797,-0.3557,-0.3155,0,0.406,-0.9073,-0.109,0,-0.2475,-0.224,0.9426,0,-0.1035,1.8366,1.7959,1]},{"frame":49,"values":[-0.921,-0.232,-0.3128,0,0.2781,-0.9541,-0.1111,0,-0.2727,-0.1893,0.9433,0,-0.1035,1.8366,1.7959,1]},{"frame":50,"values":[-0.9458,-0.0985,-0.3095,0,0.1393,-0.9838,-0.1125,0,-0.2934,-0.1495,0.9442,0,-0.1035,1.8366,1.7959,1]},{"frame":51,"values":[-0.9514,0.0371,-0.3057,0,-0.0024,-0.9936,-0.113,0,-0.308,-0.1068,0.9454,0,-0.1035,1.8366,1.7959,1]},{"frame":52,"values":[-0.9387,0.1666,-0.3019,0,-0.1385,-0.9839,-0.1125,0,-0.3158,-0.0638,0.9467,0,-0.1035,1.8366,1.7959,1]},{"frame":53,"values":[-0.9114,0.2835,-0.2981,0,-0.2619,-0.9587,-0.1111,0,-0.3173,-0.0232,0.9481,0,-0.1035,1.8366,1.7959,1]},{"frame":54,"values":[-0.8753,0.3836,-0.2946,0,-0.3681,-0.9234,-0.1086,0,-0.3137,0.0134,0.9494,0,-0.1035,1.8366,1.7959,1]},{"frame":55,"values":[-0.8359,0.465,-0.2916,0,-0.4551,-0.8842,-0.1054,0,-0.3068,0.0446,0.9507,0,-0.1035,1.8366,1.7959,1]},{"frame":56,"values":[-0.7984,0.5283,-0.2889,0,-0.5231,-0.8462,-0.1016,0,-0.2981,0.0701,0.9519,0,-0.1035,1.8366,1.7959,1]},{"frame":57,"values":[-0.7665,0.5747,-0.2867,0,-0.5735,-0.8134,-0.0972,0,-0.2891,0.0899,0.9531,0,-0.1035,1.8366,1.7959,1]},{"frame":58,"values":[-0.7427,0.606,-0.2848,0,-0.608,-0.7885,-0.0923,0,-0.2806,0.1046,0.9541,0,-0.1035,1.8366,1.7959,1]},{"frame":59,"values":[-0.7284,0.6239,-0.2831,0,-0.6283,-0.773,-0.0871,0,-0.2732,0.1144,0.9551,0,-0.1035,1.8366,1.7959,1]},{"frame":60,"values":[-0.7241,0.6296,-0.2815,0,-0.6357,-0.7676,-0.0816,0,-0.2675,0.1199,0.9561,0,-0.1035,1.8366,1.7959,1]},{"frame":61,"values":[-0.7282,0.6257,-0.2798,0,-0.633,-0.7705,-0.0754,0,-0.2627,0.1222,0.9571,0,-0.1035,1.8366,1.7959,1]},{"frame":62,"values":[-0.7386,0.6144,-0.2777,0,-0.6227,-0.7794,-0.0682,0,-0.2583,0.1226,0.9582,0,-0.1035,1.8366,1.7959,1]},{"frame":63,"values":[-0.7547,0.5957,-0.275,0,-0.6049,-0.7941,-0.0599,0,-0.254,0.1211,0.9596,0,-0.1035,1.8366,1.7959,1]},{"frame":64,"values":[-0.7759,0.5695,-0.2714,0,-0.5794,-0.8135,-0.0507,0,-0.2496,0.1179,0.9611,0,-0.1035,1.8366,1.7959,1]},{"frame":65,"values":[-0.8011,0.5359,-0.2667,0,-0.5462,-0.8367,-0.0406,0,-0.2449,0.1131,0.9629,0,-0.1035,1.8366,1.7959,1]},{"frame":66,"values":[-0.829,0.4948,-0.2605,0,-0.5054,-0.8624,-0.0298,0,-0.2394,0.107,0.965,0,-0.1035,1.8366,1.7959,1]},{"frame":67,"values":[-0.8583,0.4466,-0.2526,0,-0.4572,-0.8892,-0.0183,0,-0.2328,0.0998,0.9674,0,-0.1035,1.8366,1.7959,1]},{"frame":68,"values":[-0.8875,0.3917,-0.2428,0,-0.4023,-0.9155,-0.0066,0,-0.2248,0.0918,0.9701,0,-0.1035,1.8366,1.7959,1]},{"frame":69,"values":[-0.9149,0.3313,-0.2307,0,-0.3416,-0.9398,0.0052,0,-0.2151,0.0835,0.973,0,-0.1035,1.8366,1.7959,1]},{"frame":70,"values":[-0.9392,0.2666,-0.2162,0,-0.2766,-0.9608,0.0166,0,-0.2033,0.0754,0.9762,0,-0.1035,1.8366,1.7959,1]},{"frame":71,"values":[-0.9594,0.1997,-0.1993,0,-0.2091,-0.9775,0.0275,0,-0.1893,0.068,0.9796,0,-0.1035,1.8366,1.7959,1]},{"frame":72,"values":[-0.9747,0.1326,-0.1799,0,-0.1414,-0.9892,0.0373,0,-0.1731,0.0618,0.983,0,-0.1035,1.8366,1.7959,1]},{"frame":73,"values":[-0.9851,0.0677,-0.1583,0,-0.0758,-0.9961,0.0461,0,-0.1546,0.0574,0.9863,0,-0.1035,1.8366,1.7959,1]},{"frame":74,"values":[-0.9909,0.0074,-0.1345,0,-0.0148,-0.9985,0.0535,0,-0.1339,0.055,0.9895,0,-0.1035,1.8366,1.7959,1]},{"frame":75,"values":[-0.993,-0.0458,-0.1087,0,0.0394,-0.9974,0.0598,0,-0.1111,0.0551,0.9923,0,-0.1035,1.8366,1.7959,1]},{"frame":76,"values":[-0.9927,-0.0898,-0.081,0,0.0847,-0.9943,0.0651,0,-0.0864,0.0578,0.9946,0,-0.1035,1.8366,1.7959,1]},{"frame":77,"values":[-0.9911,-0.1227,-0.0517,0,0.119,-0.9904,0.0698,0,-0.0598,0.063,0.9962,0,-0.1035,1.8366,1.7959,1]},{"frame":78,"values":[-0.9896,-0.1427,-0.0207,0,0.1408,-0.9872,0.0744,0,-0.031,0.0707,0.997,0,-0.1035,1.8366,1.7959,1]},{"frame":79,"values":[-0.9889,-0.1479,0.0119,0,0.1484,-0.9857,0.0796,0,-0.0001,0.0804,0.9968,0,-0.1035,1.8366,1.7959,1]},{"frame":80,"values":[-0.9081,0.4187,0.0078,0,-0.4118,-0.8962,0.165,0,0.0761,0.1466,0.9863,0,-0.1175,2.106,1.7938,1]},{"frame":81,"values":[0.5508,0.8052,-0.2195,0,-0.7863,0.5889,0.1868,0,0.2797,0.0697,0.9576,0,-0.1332,2.685,1.7969,1]},{"frame":82,"values":[0.9643,0.0266,-0.2633,0,-0.011,0.9981,0.0607,0,0.2645,-0.0557,0.9628,0,-0.1035,2.9628,1.818,1]},{"frame":83,"values":[0.8473,-0.499,-0.1816,0,0.4514,0.8569,-0.2489,0,0.2798,0.1289,0.9514,0,-0.0093,2.8139,1.8636,1]},{"frame":84,"values":[0.3837,-0.795,0.4699,0,0.63,-0.1466,-0.7626,0,0.6751,0.5887,0.4446,0,0.1374,2.4051,1.9304,1]},{"frame":85,"values":[0.2835,-0.1834,0.9413,0,0.1426,-0.9625,-0.2305,0,0.9483,0.1996,-0.2467,0,0.2652,1.9926,1.9871,1]},{"frame":86,"values":[0.3553,0.0476,0.9336,0,-0.0016,-0.9987,0.0515,0,0.9348,-0.0198,-0.3547,0,0.3113,1.8344,2.0073,1]},{"frame":87,"values":[0.3981,0.0646,0.9151,0,0.0116,-0.9978,0.0653,0,0.9173,-0.0154,-0.398,0,0.3,1.8344,2.0015,1]},{"frame":88,"values":[0.5465,0.0801,0.8336,0,0.0175,-0.9963,0.0843,0,0.8373,-0.0315,-0.5459,0,0.2659,1.8346,1.9842,1]},{"frame":89,"values":[0.8299,0.0836,0.5516,0,0.0223,-0.9929,0.1168,0,0.5575,-0.0846,-0.8259,0,0.2111,1.8349,1.9562,1]},{"frame":90,"values":[0.9548,0.0051,-0.2972,0,0.0577,-0.984,0.1684,0,-0.2916,-0.178,-0.9398,0,0.1415,1.8353,1.9208,1]},{"frame":91,"values":[-0.0524,-0.1707,-0.9839,0,0.1406,-0.9767,0.1619,0,-0.9887,-0.1298,0.0752,0,0.0664,1.8357,1.8825,1]},{"frame":92,"values":[-0.8018,-0.1966,-0.5643,0,0.1616,-0.9805,0.112,0,-0.5753,-0.0014,0.8179,0,-0.0033,1.8361,1.847,1]},{"frame":93,"values":[-0.9645,-0.1706,-0.2015,0,0.1554,-0.9838,0.0893,0,-0.2134,0.0548,0.9754,0,-0.058,1.8364,1.819,1]},{"frame":94,"values":[-0.9876,-0.1533,-0.0348,0,0.1501,-0.9853,0.0814,0,-0.0468,0.0752,0.9961,0,-0.0921,1.8366,1.8017,1]},{"frame":95,"values":[-0.9889,-0.1479,0.0119,0,0.1484,-0.9857,0.0796,0,-0.0001,0.0804,0.9968,0,-0.1035,1.8366,1.7959,1]},{"frame":111,"values":[-0.9599,-0.2796,0.0217,0,0.2804,-0.9573,0.0707,0,0.001,0.0739,0.9973,0,-0.0189,1.8366,1.7959,1]},{"frame":112,"values":[-0.7651,-0.6424,0.0433,0,0.6438,-0.7643,0.0363,0,0.0097,0.0557,0.9984,0,0.2192,1.8366,1.7959,1]},{"frame":113,"values":[-0.3013,-0.9524,0.0471,0,0.953,-0.3024,-0.0184,0,0.0318,0.0394,0.9987,0,0.5249,1.8366,1.7959,1]},{"frame":114,"values":[0.1087,-0.9936,0.0306,0,0.9927,0.1068,-0.0554,0,0.0518,0.0364,0.998,0,0.763,1.8366,1.7959,1]},{"frame":115,"values":[0.2415,-0.9701,0.0221,0,0.9686,0.2397,-0.0656,0,0.0584,0.0372,0.9976,0,0.8475,1.8366,1.7959,1]},{"frame":116,"values":[0.1087,-0.9936,0.0306,0,0.9927,0.1069,-0.0554,0,0.0518,0.0364,0.998,0,0.763,1.8366,1.7959,1]},{"frame":117,"values":[-0.3013,-0.9524,0.0471,0,0.953,-0.3024,-0.0184,0,0.0318,0.0394,0.9987,0,0.5249,1.8366,1.7959,1]},{"frame":118,"values":[-0.7651,-0.6424,0.0433,0,0.6438,-0.7643,0.0363,0,0.0097,0.0557,0.9984,0,0.2192,1.8366,1.7959,1]},{"frame":119,"values":[-0.9599,-0.2796,0.0217,0,0.2804,-0.9573,0.0707,0,0.001,0.0739,0.9973,0,-0.0189,1.8366,1.7959,1]},{"frame":120,"values":[-0.9889,-0.1479,0.0119,0,0.1484,-0.9857,0.0796,0,-0.0001,0.0804,0.9968,0,-0.1035,1.8366,1.7959,1]}],"loopBehavior":1,"name":"anim","property":"_matrix"}},
{"name":"Bone.004","index":3,"matrix":[-0.0287,-0.4453,0.8949,0,0.9811,-0.1841,-0.0601,0,0.1915,0.8762,0.4422,0,0.3578,-0.8853,0.7714,1],"parentBoneIndex":0,"animation":{"dataType":3,"framePerSecond":24,"keys":[{"frame":0,"values":[-0.0287,-0.4453,0.8949,0,0.9811,-0.1841,-0.0601,0,0.1915,0.8762,0.4422,0,0.3578,-0.8853,0.7714,1]},{"frame":1,"values":[-0.0293,-0.4452,0.8949,0,0.9808,-0.1853,-0.0601,0,0.1926,0.876,0.4421,0,0.3486,-0.8845,0.7715,1]},{"frame":2,"values":[-0.0308,-0.4449,0.895,0,0.9801,-0.189,-0.0602,0,0.1959,0.8754,0.4419,0,0.3207,-0.8822,0.7718,1]},{"frame":3,"values":[-0.0335,-0.4444,0.8952,0,0.9789,-0.1951,-0.0603,0,0.2015,0.8743,0.4416,0,0.2741,-0.8782,0.7722,1]},{"frame":4,"values":[-0.0371,-0.4437,0.8954,0,0.9772,-0.2037,-0.0605,0,0.2093,0.8727,0.4412,0,0.2091,-0.8726,0.7727,1]},{"frame":5,"values":[-0.0418,-0.4428,0.8956,0,0.9748,-0.2147,-0.0607,0,0.2191,0.8705,0.4406,0,0.1265,-0.8654,0.7733,1]},{"frame":6,"values":[-0.0473,-0.4417,0.8959,0,0.9718,-0.2277,-0.0609,0,0.2309,0.8678,0.44,0,0.0277,-0.8568,0.7739,1]},{"frame":7,"values":[-0.0537,-0.4403,0.8962,0,0.9682,-0.2425,-0.0611,0,0.2443,0.8645,0.4393,0,-0.0852,-0.8469,0.7744,1]},{"frame":8,"values":[-0.0607,-0.4388,0.8966,0,0.964,-0.2588,-0.0614,0,0.259,0.8605,0.4387,0,-0.2095,-0.8359,0.7748,1]},{"frame":9,"values":[-0.0681,-0.437,0.8969,0,0.9592,-0.276,-0.0617,0,0.2745,0.856,0.438,0,-0.3418,-0.8241,0.775,1]},{"frame":10,"values":[-0.0757,-0.4352,0.8971,0,0.9539,-0.2937,-0.062,0,0.2905,0.8511,0.4374,0,-0.4782,-0.8118,0.775,1]},{"frame":11,"values":[-0.0834,-0.4333,0.8974,0,0.9483,-0.3113,-0.0622,0,0.3064,0.8458,0.4369,0,-0.6146,-0.7993,0.7746,1]},{"frame":12,"values":[-0.0908,-0.4315,0.8975,0,0.9425,-0.3283,-0.0625,0,0.3216,0.8403,0.4365,0,-0.7469,-0.787,0.7737,1]},{"frame":13,"values":[-0.0977,-0.4298,0.8976,0,0.9368,-0.3441,-0.0628,0,0.3359,0.8348,0.4363,0,-0.8712,-0.7752,0.7724,1]},{"frame":14,"values":[-0.1041,-0.4283,0.8976,0,0.9314,-0.3584,-0.063,0,0.3487,0.8295,0.4363,0,-0.984,-0.7641,0.7706,1]},{"frame":15,"values":[-0.1097,-0.4271,0.8975,0,0.9265,-0.3708,-0.0632,0,0.3598,0.8246,0.4365,0,-1.0827,-0.754,0.7683,1]},{"frame":16,"values":[-0.1145,-0.4264,0.8973,0,0.9223,-0.3812,-0.0635,0,0.3691,0.8203,0.4369,0,-1.1652,-0.7452,0.7654,1]},{"frame":17,"values":[-0.1183,-0.426,0.8969,0,0.9189,-0.3893,-0.0637,0,0.3763,0.8167,0.4375,0,-1.2301,-0.7376,0.7621,1]},{"frame":18,"values":[-0.1212,-0.4262,0.8965,0,0.9164,-0.3951,-0.0639,0,0.3815,0.8138,0.4384,0,-1.2765,-0.7315,0.7582,1]},{"frame":19,"values":[-0.1232,-0.4268,0.8959,0,0.9149,-0.3986,-0.0641,0,0.3845,0.8118,0.4396,0,-1.3042,-0.7268,0.7538,1]},{"frame":20,"values":[-0.1241,-0.4279,0.8952,0,0.9144,-0.3998,-0.0643,0,0.3854,0.8106,0.4409,0,-1.3133,-0.7236,0.7489,1]},{"frame":21,"values":[-0.1238,-0.4301,0.8943,0,0.9154,-0.3974,-0.0644,0,0.3831,0.8106,0.4429,0,-1.2987,-0.7207,0.7409,1]},{"frame":22,"values":[-0.1219,-0.4338,0.8927,0,0.9186,-0.39,-0.0642,0,0.376,0.8122,0.446,0,-1.2549,-0.7169,0.7269,1]},{"frame":23,"values":[-0.1182,-0.4391,0.8906,0,0.9238,-0.3776,-0.0636,0,0.3643,0.8152,0.4502,0,-1.1819,-0.7124,0.7068,1]},{"frame":24,"values":[-0.1127,-0.4458,0.888,0,0.9308,-0.3602,-0.0627,0,0.3478,0.8195,0.4555,0,-1.08,-0.7071,0.6809,1]},{"frame":25,"values":[-0.1054,-0.4538,0.8848,0,0.9392,-0.3378,-0.0613,0,0.3267,0.8246,0.4618,0,-0.9506,-0.7011,0.6495,1]},{"frame":26,"values":[-0.0964,-0.4628,0.8812,0,0.9487,-0.3106,-0.0594,0,0.3012,0.8302,0.469,0,-0.7959,-0.6944,0.6129,1]},{"frame":27,"values":[-0.0856,-0.4726,0.8771,0,0.9585,-0.2792,-0.0569,0,0.2718,0.8359,0.4769,0,-0.619,-0.6872,0.5719,1]},{"frame":28,"values":[-0.0733,-0.4827,0.8727,0,0.9682,-0.2443,-0.0538,0,0.2392,0.841,0.4852,0,-0.4243,-0.6797,0.5276,1]},{"frame":29,"values":[-0.0597,-0.4928,0.8681,0,0.9771,-0.2067,-0.0502,0,0.2042,0.8453,0.4938,0,-0.2171,-0.6719,0.4809,1]},{"frame":30,"values":[-0.0452,-0.5025,0.8634,0,0.9848,-0.1676,-0.046,0,0.1678,0.8482,0.5024,0,-0.0034,-0.6641,0.4332,1]},{"frame":31,"values":[-0.0303,-0.5114,0.8588,0,0.9909,-0.1283,-0.0415,0,0.1314,0.8497,0.5107,0,0.2102,-0.6564,0.3858,1]},{"frame":32,"values":[-0.0155,-0.5195,0.8544,0,0.9953,-0.09,-0.0367,0,0.096,0.8497,0.5184,0,0.4174,-0.6492,0.3402,1]},{"frame":33,"values":[-0.0013,-0.5264,0.8503,0,0.998,-0.0541,-0.0319,0,0.0628,0.8485,0.5254,0,0.612,-0.6425,0.2975,1]},{"frame":34,"values":[0.0118,-0.5321,0.8466,0,0.9994,-0.0215,-0.0274,0,0.0327,0.8464,0.5315,0,0.7888,-0.6364,0.2589,1]},{"frame":35,"values":[0.0233,-0.5367,0.8434,0,0.9997,0.007,-0.0232,0,0.0065,0.8437,0.5367,0,0.9435,-0.6312,0.2253,1]},{"frame":36,"values":[0.0331,-0.5403,0.8408,0,0.9993,0.0307,-0.0196,0,-0.0153,0.8409,0.5409,0,1.0728,-0.6269,0.1972,1]},{"frame":37,"values":[0.0408,-0.5429,0.8388,0,0.9986,0.0493,-0.0167,0,-0.0323,0.8384,0.5442,0,1.1745,-0.6236,0.1752,1]},{"frame":38,"values":[0.0464,-0.5446,0.8374,0,0.9979,0.0626,-0.0146,0,-0.0445,0.8363,0.5464,0,1.2474,-0.6212,0.1595,1]},{"frame":39,"values":[0.0497,-0.5456,0.8365,0,0.9974,0.0705,-0.0133,0,-0.0518,0.835,0.5477,0,1.291,-0.6197,0.1501,1]},{"frame":40,"values":[0.0508,-0.546,0.8363,0,0.9972,0.0732,-0.0129,0,-0.0542,0.8346,0.5482,0,1.3055,-0.6193,0.147,1]},{"frame":41,"values":[0.0497,-0.5456,0.8365,0,0.9974,0.0705,-0.0133,0,-0.0518,0.835,0.5477,0,1.291,-0.6197,0.1501,1]},{"frame":42,"values":[0.0464,-0.5446,0.8374,0,0.9979,0.0626,-0.0146,0,-0.0445,0.8363,0.5464,0,1.2474,-0.6211,0.1594,1]},{"frame":43,"values":[0.0408,-0.5429,0.8388,0,0.9986,0.0493,-0.0167,0,-0.0323,0.8383,0.5442,0,1.1745,-0.6235,0.1751,1]},{"frame":44,"values":[0.0331,-0.5403,0.8408,0,0.9993,0.0307,-0.0196,0,-0.0153,0.8409,0.541,0,1.0728,-0.6268,0.1971,1]},{"frame":45,"values":[0.0233,-0.5368,0.8434,0,0.9997,0.007,-0.0232,0,0.0065,0.8437,0.5368,0,0.9435,-0.6311,0.225,1]},{"frame":46,"values":[0.0118,-0.5322,0.8465,0,0.9994,-0.0215,-0.0274,0,0.0327,0.8463,0.5316,0,0.7888,-0.6363,0.2586,1]},{"frame":47,"values":[-0.0013,-0.5265,0.8502,0,0.998,-0.0541,-0.0319,0,0.0628,0.8485,0.5255,0,0.612,-0.6422,0.297,1]},{"frame":48,"values":[-0.0155,-0.5196,0.8543,0,0.9953,-0.09,-0.0367,0,0.096,0.8496,0.5186,0,0.4174,-0.6489,0.3396,1]},{"frame":49,"values":[-0.0303,-0.5116,0.8587,0,0.9909,-0.1283,-0.0415,0,0.1314,0.8496,0.5109,0,0.2102,-0.6561,0.3851,1]},{"frame":50,"values":[-0.0452,-0.5027,0.8633,0,0.9848,-0.1676,-0.046,0,0.1678,0.8481,0.5026,0,-0.0034,-0.6637,0.4324,1]},{"frame":51,"values":[-0.0597,-0.493,0.868,0,0.9771,-0.2067,-0.0502,0,0.2041,0.8451,0.4941,0,-0.2171,-0.6714,0.48,1]},{"frame":52,"values":[-0.0733,-0.4829,0.8726,0,0.9682,-0.2443,-0.0538,0,0.2392,0.8409,0.4855,0,-0.4243,-0.6792,0.5266,1]},{"frame":53,"values":[-0.0857,-0.4728,0.877,0,0.9585,-0.2792,-0.0569,0,0.2718,0.8357,0.4771,0,-0.6189,-0.6868,0.571,1]},{"frame":54,"values":[-0.0965,-0.4631,0.8811,0,0.9487,-0.3106,-0.0594,0,0.3012,0.8301,0.4693,0,-0.7958,-0.694,0.612,1]},{"frame":55,"values":[-0.1055,-0.454,0.8847,0,0.9392,-0.3378,-0.0613,0,0.3267,0.8245,0.4621,0,-0.9506,-0.7006,0.6486,1]},{"frame":56,"values":[-0.1128,-0.446,0.8879,0,0.9308,-0.3602,-0.0627,0,0.3478,0.8193,0.4558,0,-1.08,-0.7067,0.6802,1]},{"frame":57,"values":[-0.1182,-0.4393,0.8905,0,0.9238,-0.3777,-0.0636,0,0.3643,0.8151,0.4504,0,-1.1819,-0.7121,0.7062,1]},{"frame":58,"values":[-0.1219,-0.4339,0.8927,0,0.9186,-0.39,-0.0642,0,0.376,0.8121,0.4462,0,-1.2549,-0.7167,0.7264,1]},{"frame":59,"values":[-0.1238,-0.4302,0.8942,0,0.9154,-0.3974,-0.0644,0,0.3831,0.8106,0.443,0,-1.2987,-0.7205,0.7407,1]},{"frame":60,"values":[-0.1241,-0.4279,0.8952,0,0.9144,-0.3998,-0.0643,0,0.3854,0.8106,0.4409,0,-1.3133,-0.7236,0.7489,1]},{"frame":61,"values":[-0.1231,-0.4268,0.8959,0,0.9149,-0.3985,-0.0641,0,0.3844,0.8118,0.4395,0,-1.3035,-0.7273,0.7538,1]},{"frame":62,"values":[-0.1211,-0.4261,0.8965,0,0.9165,-0.3948,-0.0639,0,0.3812,0.814,0.4384,0,-1.2742,-0.7331,0.7578,1]},{"frame":63,"values":[-0.1181,-0.426,0.897,0,0.9191,-0.3888,-0.0637,0,0.3758,0.8169,0.4375,0,-1.2264,-0.7408,0.761,1]},{"frame":64,"values":[-0.1142,-0.4264,0.8973,0,0.9226,-0.3805,-0.0635,0,0.3685,0.8206,0.4368,0,-1.161,-0.7503,0.7634,1]},{"frame":65,"values":[-0.1094,-0.4272,0.8975,0,0.9268,-0.3702,-0.0632,0,0.3593,0.8249,0.4364,0,-1.0794,-0.7613,0.765,1]},{"frame":66,"values":[-0.1039,-0.4283,0.8976,0,0.9316,-0.358,-0.063,0,0.3484,0.8297,0.4363,0,-0.9831,-0.7736,0.766,1]},{"frame":67,"values":[-0.0978,-0.4298,0.8976,0,0.9368,-0.3442,-0.0628,0,0.3359,0.8348,0.4363,0,-0.8742,-0.7871,0.7664,1]},{"frame":68,"values":[-0.091,-0.4314,0.8975,0,0.9423,-0.3289,-0.0625,0,0.3221,0.8401,0.4365,0,-0.7546,-0.8012,0.7663,1]},{"frame":69,"values":[-0.0838,-0.4332,0.8974,0,0.9479,-0.3124,-0.0623,0,0.3073,0.8454,0.4368,0,-0.627,-0.8158,0.7658,1]},{"frame":70,"values":[-0.0764,-0.435,0.8972,0,0.9534,-0.2952,-0.062,0,0.2918,0.8506,0.4373,0,-0.4941,-0.8304,0.7651,1]},{"frame":71,"values":[-0.0688,-0.4369,0.8969,0,0.9587,-0.2777,-0.0617,0,0.276,0.8556,0.4379,0,-0.3589,-0.8445,0.7642,1]},{"frame":72,"values":[-0.0613,-0.4386,0.8966,0,0.9636,-0.2602,-0.0614,0,0.2602,0.8602,0.4386,0,-0.225,-0.8579,0.7633,1]},{"frame":73,"values":[-0.054,-0.4402,0.8963,0,0.968,-0.2433,-0.0612,0,0.2449,0.8643,0.4393,0,-0.0958,-0.8699,0.7626,1]},{"frame":74,"values":[-0.0472,-0.4417,0.8959,0,0.9719,-0.2274,-0.0609,0,0.2306,0.8679,0.44,0,0.0247,-0.88,0.7622,1]},{"frame":75,"values":[-0.0412,-0.4429,0.8956,0,0.9751,-0.2132,-0.0606,0,0.2178,0.8708,0.4407,0,0.1326,-0.8878,0.7623,1]},{"frame":76,"values":[-0.0361,-0.4439,0.8953,0,0.9777,-0.2013,-0.0604,0,0.207,0.8732,0.4413,0,0.2239,-0.8928,0.7632,1]},{"frame":77,"values":[-0.0321,-0.4447,0.8951,0,0.9795,-0.192,-0.0602,0,0.1987,0.8749,0.4418,0,0.2945,-0.8943,0.7648,1]},{"frame":78,"values":[-0.0296,-0.4452,0.895,0,0.9807,-0.1861,-0.0601,0,0.1933,0.8759,0.4421,0,0.3404,-0.892,0.7675,1]},{"frame":79,"values":[-0.0287,-0.4453,0.8949,0,0.9811,-0.1841,-0.0601,0,0.1915,0.8762,0.4422,0,0.3578,-0.8853,0.7714,1]},{"frame":80,"values":[-0.0521,-0.4431,0.895,0,0.9695,-0.2374,-0.0611,0,0.2396,0.8645,0.442,0,0.2448,-0.8323,0.7448,1]},{"frame":81,"values":[-0.1015,-0.4341,0.8951,0,0.9349,-0.3492,-0.0633,0,0.3401,0.8304,0.4413,0,-0.0127,-0.7289,0.6823,1]},{"frame":82,"values":[-0.1241,-0.4279,0.8952,0,0.9144,-0.3998,-0.0643,0,0.3854,0.8106,0.4409,0,-0.1677,-0.6751,0.6547,1]},{"frame":83,"values":[-0.1084,-0.4339,0.8944,0,0.9314,-0.3588,-0.0612,0,0.3474,0.8265,0.443,0,-0.2305,-0.7562,0.65,1]},{"frame":84,"values":[-0.0658,-0.4459,0.8927,0,0.9674,-0.2479,-0.0525,0,0.2447,0.8601,0.4477,0,-0.3026,-0.9854,0.6319,1]},{"frame":85,"values":[-0.022,-0.4525,0.8915,0,0.9901,-0.1335,-0.0433,0,0.1386,0.8817,0.451,0,-0.357,-1.218,0.6128,1]},{"frame":86,"values":[-0.0051,-0.453,0.8915,0,0.9952,-0.0894,-0.0397,0,0.0977,0.887,0.4513,0,-0.3753,-1.3073,0.6053,1]},{"frame":87,"values":[-0.0056,-0.4519,0.8921,0,0.9949,-0.092,-0.0404,0,0.1004,0.8873,0.4501,0,-0.3553,-1.2958,0.6098,1]},{"frame":88,"values":[-0.0075,-0.4507,0.8926,0,0.9941,-0.0999,-0.0421,0,0.1081,0.8871,0.4488,0,-0.295,-1.2611,0.6235,1]},{"frame":89,"values":[-0.0106,-0.4496,0.8932,0,0.9927,-0.1124,-0.0448,0,0.1206,0.8861,0.4475,0,-0.1983,-1.2054,0.6454,1]},{"frame":90,"values":[-0.0146,-0.4485,0.8937,0,0.9906,-0.1283,-0.0482,0,0.1363,0.8845,0.4461,0,-0.0752,-1.1345,0.6733,1]},{"frame":91,"values":[-0.0189,-0.4475,0.8941,0,0.988,-0.1455,-0.0519,0,0.1533,0.8824,0.4449,0,0.0576,-1.0581,0.7034,1]},{"frame":92,"values":[-0.0229,-0.4466,0.8945,0,0.9854,-0.1613,-0.0553,0,0.169,0.8801,0.4437,0,0.1807,-0.9873,0.7313,1]},{"frame":93,"values":[-0.0261,-0.4459,0.8947,0,0.9831,-0.1738,-0.0579,0,0.1813,0.8781,0.4429,0,0.2774,-0.9316,0.7532,1]},{"frame":94,"values":[-0.0281,-0.4455,0.8949,0,0.9816,-0.1815,-0.0595,0,0.1889,0.8767,0.4424,0,0.3377,-0.8969,0.7669,1]},{"frame":95,"values":[-0.0287,-0.4453,0.8949,0,0.9811,-0.1841,-0.0601,0,0.1915,0.8762,0.4422,0,0.3578,-0.8853,0.7714,1]},{"frame":111,"values":[-0.0118,-0.4396,0.8981,0,0.9887,-0.1392,-0.0551,0,0.1493,0.8874,0.4363,0,0.4228,-0.8396,0.7821,1]},{"frame":112,"values":[0.0344,-0.4189,0.9074,0,0.999,-0.0103,-0.0426,0,0.0272,0.908,0.4181,0,0.6058,-0.7108,0.8122,1]},{"frame":113,"values":[0.0893,-0.3833,0.9193,0,0.9872,0.1565,-0.0306,0,-0.1321,0.9103,0.3924,0,0.8407,-0.5454,0.8508,1]},{"frame":114,"values":[0.1271,-0.3496,0.9283,0,0.9588,0.2831,-0.0246,0,-0.2542,0.8931,0.3711,0,1.0237,-0.4165,0.8809,1]},{"frame":115,"values":[0.1393,-0.3365,0.9313,0,0.9449,0.3267,-0.0233,0,-0.2964,0.8832,0.3634,0,1.0887,-0.3708,0.8915,1]},{"frame":116,"values":[0.1271,-0.3496,0.9283,0,0.9588,0.2831,-0.0246,0,-0.2542,0.8931,0.3711,0,1.0237,-0.4165,0.8809,1]},{"frame":117,"values":[0.0893,-0.3833,0.9193,0,0.9872,0.1565,-0.0306,0,-0.1321,0.9103,0.3924,0,0.8407,-0.5454,0.8508,1]},{"frame":118,"values":[0.0344,-0.4189,0.9074,0,0.999,-0.0103,-0.0426,0,0.0272,0.908,0.4181,0,0.6058,-0.7108,0.8122,1]},{"frame":119,"values":[-0.0118,-0.4396,0.8981,0,0.9887,-0.1392,-0.0551,0,0.1493,0.8874,0.4363,0,0.4228,-0.8396,0.7821,1]},{"frame":120,"values":[-0.0287,-0.4453,0.8949,0,0.9811,-0.1841,-0.0601,0,0.1915,0.8762,0.4422,0,0.3578,-0.8853,0.7714,1]}],"loopBehavior":1,"name":"anim","property":"_matrix"}},
